Peaks:  [    7   248   505   759  1017  1277  1536  1795  2053  2308  2559  2812
  3067  3321  3576  3836  4098  4353  4605  4863  5122  5374  5626  5886
  6147  6398  6647  6905  7166  7419  7673  7937  8199  8450  8700  8955
  9210  9461  9715  9978 10240 10498 10755 11011 11263 11513 11765 12021
 12277 12536 12799 13058 13313 13567 13822 14074 14325 14581 14843 15101
 15356 15614 15872 16124 16374 16630 16889 17146 17404 17663 17919 18173
 18428 18682 18933 19189 19451 19708 19960 20219 20482 20734 20980 21238
 21502 21754 22002 22262 22528 22780 23027 23287 23551 23803 24050 24308
 24571 24823 25072 25333 25598 25853 26103 26360 26619 26870 27117 27373
 27637 27896 28150 28410 28672 28924 29171 29424 29683 29938 30191 30450
 30712 30970 31222 31477 31736 31991 32244 32499 32755 33012 33266 33521
 33779 34038 34297 34552 34806 35063 35318 35569 35821 36081 36342 36597
 36851 37113 37371 37621 37871 38130 38388 38639 38893 39155 39416 39669
 39924 40184 40441 40690 40942 41199 41455 41708 41966 42229 42490 42746
 43000 43255 43506 43755 44007 44265 44527 44787 45046 45307 45565 45814
 46062 46314 46570 46825 47081 47344 47608 47864 48118 48373 48627 48877
 49128 49386 49646 49903 50160 50421 50678 50929 51182 51439 51694 51947
 52205 52467 52724 52976 53232 53490 53743 53992 54248 54510 54769 55023
 55283 55545 55797 56044 56297 56554 56808 57062 57324 57589 57845 58097
 58354 58609 58858 59108 59369 59630 59885 60140 60401 60659 60907 61159
 61418 61678 61932 62188 62449 62706 62957 63207 63464 63721 63976 64233
 64494 64754 65010 65263 65517 65764]


RR intervals:  [0.94140625 1.00390625 0.9921875  1.0078125  1.015625   1.01171875
 1.01171875 1.0078125  0.99609375 0.98046875 0.98828125 0.99609375
 0.9921875  0.99609375 1.015625   1.0234375  0.99609375 0.984375
 1.0078125  1.01171875 0.984375   0.984375   1.015625   1.01953125
 0.98046875 0.97265625 1.0078125  1.01953125 0.98828125 0.9921875
 1.03125    1.0234375  0.98046875 0.9765625  0.99609375 0.99609375
 0.98046875 0.9921875  1.02734375 1.0234375  1.0078125  1.00390625
 1.         0.984375   0.9765625  0.984375   1.         1.
 1.01171875 1.02734375 1.01171875 0.99609375 0.9921875  0.99609375
 0.984375   0.98046875 1.         1.0234375  1.0078125  0.99609375
 1.0078125  1.0078125  0.984375   0.9765625  1.         1.01171875
 1.00390625 1.0078125  1.01171875 1.         0.9921875  0.99609375
 0.9921875  0.98046875 1.         1.0234375  1.00390625 0.984375
 1.01171875 1.02734375 0.984375   0.9609375  1.0078125  1.03125
 0.984375   0.96875    1.015625   1.0390625  0.984375   0.96484375
 1.015625   1.03125    0.984375   0.96484375 1.0078125  1.02734375
 0.984375   0.97265625 1.01953125 1.03515625 0.99609375 0.9765625
 1.00390625 1.01171875 0.98046875 0.96484375 1.         1.03125
 1.01171875 0.9921875  1.015625   1.0234375  0.984375   0.96484375
 0.98828125 1.01171875 0.99609375 0.98828125 1.01171875 1.0234375
 1.0078125  0.984375   0.99609375 1.01171875 0.99609375 0.98828125
 0.99609375 1.         1.00390625 0.9921875  0.99609375 1.0078125
 1.01171875 1.01171875 0.99609375 0.9921875  1.00390625 0.99609375
 0.98046875 0.984375   1.015625   1.01953125 0.99609375 0.9921875
 1.0234375  1.0078125  0.9765625  0.9765625  1.01171875 1.0078125
 0.98046875 0.9921875  1.0234375  1.01953125 0.98828125 0.99609375
 1.015625   1.00390625 0.97265625 0.984375   1.00390625 1.
 0.98828125 1.0078125  1.02734375 1.01953125 1.         0.9921875
 0.99609375 0.98046875 0.97265625 0.984375   1.0078125  1.0234375
 1.015625   1.01171875 1.01953125 1.0078125  0.97265625 0.96875
 0.984375   1.         0.99609375 1.         1.02734375 1.03125
 1.         0.9921875  0.99609375 0.9921875  0.9765625  0.98046875
 1.0078125  1.015625   1.00390625 1.00390625 1.01953125 1.00390625
 0.98046875 0.98828125 1.00390625 0.99609375 0.98828125 1.0078125
 1.0234375  1.00390625 0.984375   1.         1.0078125  0.98828125
 0.97265625 1.         1.0234375  1.01171875 0.9921875  1.015625
 1.0234375  0.984375   0.96484375 0.98828125 1.00390625 0.9921875
 0.9921875  1.0234375  1.03515625 1.         0.984375   1.00390625
 0.99609375 0.97265625 0.9765625  1.01953125 1.01953125 0.99609375
 0.99609375 1.01953125 1.0078125  0.96875    0.984375   1.01171875
 1.015625   0.9921875  1.         1.01953125 1.00390625 0.98046875
 0.9765625  1.00390625 1.00390625 0.99609375 1.00390625 1.01953125
 1.015625   1.         0.98828125 0.9921875  0.96484375]
